0.5641481381283616
0.5402362359975605
0.527291860587747
0.5221264908041287
0.5330132011536679
0.5255282295597629
0.5040580135450531
0.5062824698400179
0.5211521090207119
0.5054708671310073
0.5046403499520833
0.4790106700536941
0.4811245053579535
0.5060893129805994
0.5014982552834419
0.4914093916647943
0.4900951225886917
0.4948323375533617
0.4647795375240156
0.4723384475003095
0.4936017506774819
0.5065707722147583
0.4936172261528656
0.4786088808594735
0.4611307643279976
0.4589309541604956
0.4429121176411249
0.4538630225552188
0.4616855887787901
0.4646803798484091
0.4527671296317525
0.4444843113069555
0.4730514656994685
0.4767810552669348
0.4672097603250079
0.44306916505798144
0.4153176255347637
0.4442034600870295
0.43755301783233297
0.4494628290544599
0.48020572065276707
0.4910964431625911
0.5119631156373374
0.5184421813313036
0.5003324361378716
0.5066286619560084
0.5138350749930074
0.5235553930312214
0.528369412207055
0.5381785709372865
0.5248839912511979
0.5047624342578879
0.5203840669090776
0.5394068651501465
0.5400155671819045
0.5455735555076644
0.5463960483660191
0.556949176246177
0.5657850995245016
0.5916652528578045
0.5889031670846956
0.6000483751897179
0.5973877397552353
0.6119942958544067
0.6084309243558763
0.596525698459789
0.5816061938584143
0.5590538408983571
0.5560269525464608
0.5539417755299489
0.530603612319854
0.5058428517059705
0.5113091335109383
0.5089860927061218
0.4895024691980723
0.4775915116444355
0.4506813794494857
0.4528066780688441
0.4443272638900989
0.4239787332578283
0.4085221723440645
0.3910406168180589
0.3761566484934912
0.3807196210686561
0.3991021931614448
0.4205179584294341
0.4214745720744473
0.45460871120241
0.4803879873628414
0.4873565366115358
0.5039622948639763
0.490957163884138
0.4902584748288527
0.4807565329432749
0.4608699739094949
0.4391653331010101
0.4278963211929184
0.44086362323293
0.4448654665339979
0.4334743703201016
0.4459321280039617
0.4506395383493743
0.4673989050241417
0.4697190800001834
0.4542183853232884
0.468319409226593
0.4717285991370416
0.4812483091610229
0.5109193807975716
0.5032527156593469
0.5081034174434973
0.4997976724885023
0.5348628070448949
0.5486342606391027
0.5879998578548927
0.6080658177699725
0.6346251725228922
0.6350470225185362
0.6478320578484733
0.6569860881207958
0.6519021078743804
0.6561177420020451
0.6528570020221287
0.6663596408772645
0.6348395365152439
0.6121031973478475
0.6318934645347958
0.6377248529256673
0.6380911058430809
0.6211873013980659
0.6309563385254509
0.6334908774938441
0.6278016342102005
0.6102965788882418
0.5854555750686652
0.5872335352405232
0.5570615167341474
0.5334367706465768
0.5203525427925553
0.5046627034165264
0.4905760086570956
0.4755928826569213
0.4666560822057253
0.4280006373603195
0.4124162604832017
0.3809093389335448
0.3561909925855278
0.3611546080234035
0.3700713476731763
0.35570494802532937
0.34937203959887564
0.3632151389124524
0.3762580988321175
0.38077636447839625
0.4081880167089281
0.4135173118984625
0.40781373947094507
0.4240028062195362
0.4207323224217858
0.4042893432437513
0.4058088056601265
0.42919511479363737
0.4515846886792885
0.4408235016300834
0.4441083145717076
0.4510212667421717
0.44405730281951705
0.4412992292066927
0.4515835423477786
0.466354597018621
0.4551600966586729
0.4416757991076956
0.4358507155401285
0.452608935883386
0.4584105196550001
0.4606384149444946
0.4770401261881726
0.4824009454942294
0.4932188759531746
0.4778523020629382
0.4905966426242738
0.5132596165750366
0.488874852696401
0.4736120218078106
0.4806602410964432
0.465301691526776
0.4438114147106429
0.4527917757592154
0.4792548386653033
0.5084731093554407
0.4989746064643926
0.5193787341748934
0.5298418750315241
0.5471377248529257
0.5648657416535603
0.5815580479349984
0.600293116967082
0.6302232595248685
0.6306233292218243
0.65541561395223
0.6591979347691517
0.6524529201648883
0.6146016268736788
0.6210268149866796
0.6382040194968063
0.6170266911828766
0.5800334270268287
0.5536414366743547
0.5786687193642904
0.5875739956989642
0.5890659461591017
0.5925072333518274
0.5742163677798311
0.5819890685827216
0.5872856933242239
0.5992212970053236
0.5824200892304447
0.5838690522589609
0.5456182624365505
0.5222571725962575
0.5032916909306836
0.4682563609935485
0.4514826651749073
0.4618718676491492
0.45021826151948535
0.4375776639597959
0.4343387042785677
0.4270686698427691
0.429901828169492
0.4304440429736757
0.4177587384851
0.41230277366372137
0.4278854310435744
0.4151485416370531
0.4245232407250318
0.4260851174072732
0.4222540775011807
0.4364548322458469
0.4195544667953615
0.3923703613695452
0.3761784287921793
0.38428929739049095
0.3780968145740003
0.3799727860899549
0.3829228702306878
0.3725726430277825
0.4062381068105848
0.42221109006955937
0.4663614750076805
0.476252023275115
0.4602647108722666
0.4679445588228551
0.40643603 # 预测值
0.43023056
0.44542992
0.46957383
0.47363454
0.4659311
0.468542
0.49481285
0.51973003
0.51305205
0.49741787
0.52208626
0.5799087
0.5742651
0.53594506
0.5277421
0.52738154
0.5191449
0.51112455
0.50964296
0.5150391
0.54589194
0.547526
0.54999554
0.55104613
0.5449743
0.5550957
0.5865326
0.604416
0.6210778
0.63835984
0.63868773
0.6392849
0.6135746
0.5916163
0.59369934
0.55176044
0.54908574
0.5412157
0.5425179
0.5567057
0.5648079
0.5886166
0.58883023
0.5959811
0.59139156
0.5846143
0.5972483
0.5893877
0.5982299
0.5995327
0.5778559
0.5621015
0.5590855
0.5537488
0.5747124
0.5667532
0.54936826
0.5398412
0.543064
0.531976
0.5217788
0.5161153
0.51512194
0.49465498
0.5047738
0.49414676
0.47487915
0.49348605
0.48125672
0.4887497
0.45957014
0.4592783
0.45143196
0.42752653
0.41359183
0.41814804
0.43182433
0.42216927
0.40759686
0.38847357
0.37312374
0.37128443
0.36274803
0.3521024
0.37292868
0.40138775
0.4133297
0.43011743
0.4667669
0.4623506
0.46722218
0.46672505
0.47577196
0.47335213
0.4621125
0.46530327
0.4634909
0.46640873
0.46336445
0.46792617
0.46783385
0.46663707
0.4700125
0.47816166
0.48691973
0.479809
0.46697104
0.4232304
0.40066952
0.40436327
0.408606
0.408697
0.40562314
0.41305387
0.4169342
0.41801882
0.42257598
0.44542578
0.45000792
0.430698
0.41626066
0.42161763
0.42259824
0.42632443
0.45763293
0.4805043
0.4798866
0.4942202
0.49158442
0.50628805
0.51437616
0.5224337
0.5221168
0.5246023
0.5380603
0.51851076
0.51509
0.5403645
0.5682792
0.5552294
0.54946643
0.5385252
0.53257155
0.5369209
0.527248
0.52064705
0.48915747
0.47971803
0.4750042
0.46900952
0.46431357
0.45896047
0.45260566
0.46353567
0.47409543
0.48440367
0.51551616
0.52154356
0.5360757
0.5416784
0.5455877
0.552475
0.5371513
0.54862463
0.5490038
0.54027414
0.53364396
0.5349263
0.53644264
0.5390387
0.55242616
0.5474092
0.55578375
0.5682001
0.54858834
0.52952856
0.53312105
0.53729844
0.53462625
0.5190066
0.49448282
0.47600412
0.4716457
0.46748704
0.4713466
0.4697997
0.4471982
0.42657077
0.42631483
0.42697662
0.41810647
0.41678116
0.41938382
0.41633224
0.4114217
0.41552067
0.41687724
0.413328
0.41696483
0.4186308
0.4500767
0.47854352
0.51119804
0.5124719
0.5054557
0.508486
0.5059719
0.49244735
0.47973928
0.47354734
0.47411618
0.47262913
0.4723626
0.48624203
0.4953496
0.5173264
0.5203064
0.50061697
0.47424367
0.47893628
0.49039388
0.492218
0.49774694
0.4965066
0.4730554
0.47525012
0.47400257
0.47785527
0.49381477
0.5125743
0.4690603
0.47710282
0.4884321
0.4834974
0.48848593
0.4718048
0.46494
0.44008744
0.42147893
0.4287386
0.4316805
0.45578036
0.44838095
0.4381463
0.44542205
0.4244269
0.42091388
0.41786033
0.41941693
0.41510013
0.41083738
0.39639372
0.41253716
0.41959983
0.41804442
0.4173945
0.41741714
0.44108754
0.44482496
0.43016982
0.4030068
0.4061926
0.42568085
0.4382093
0.4279717
0.45071703
0.42733797
0.42287707
0.41425613
0.4118036
0.41322392
0.4040346
0.41341314
0.40542045
0.41261548
0.41349098
0.423392
0.44960728
0.45264658
0.4632731
0.4540292
0.47036248
0.473791
0.47731355
0.5084766
0.49813157
0.51777554
0.5189389
0.5089575
0.50473654
0.48919046
0.48597676
0.47607908
0.4759686
0.4595018
0.42919517
0.43028718
0.44425374
0.4258505
0.4239689
0.41652018
0.405042
0.41017705
0.41643712
0.41630262
0.41884425
0.41807908
0.42325655
0.4326676
0.43372682
0.4439384
0.45479685
0.47028744
0.46454978
0.47155374
0.4807484
0.47000113
0.46705005
0.48127028
0.50962543
0.52496666
0.52981335
0.53907657
0.54480416
0.5674891
0.5616436
0.5422349
0.5330272
0.49873638
0.48673928
0.48753372
0.48777315
0.4966569
0.49378508
0.49834165
0.51001334
0.53339577
0.5493758
0.5931934
0.605218
0.5762995
0.56032264
0.57603717
0.6396463
0.63268685
0.62499744
0.61459416
0.6166074
0.6369467
0.6383755
0.6054203
0.56146
0.54800487
0.5755833
0.60094047
0.5967182
0.5827447
0.5718376
0.5755374
0.59979486
0.5671536
0.5377126
0.5348503
0.54619205
0.5423318
0.5514706
0.55728054
0.5593493
0.55853313
0.5423993
0.5429331
0.54995954
0.5448243
0.55382645
0.54782075
0.53844047
0.5408549
0.53805363
0.53701997
0.52738273
0.53010046
0.53779286
0.54105383
0.5313959
0.5202483
0.5207973
0.5187229
0.50744563
0.5290134
0.5219921
0.49747345
0.4770536
0.4580709
0.46621224
0.4558102
0.46592215
0.4731298
0.46792507
0.4594556
0.4636977
0.4739857
0.47162998
0.47288644
0.4726407
0.47099668
0.4815094
0.48640227
0.51717263
0.54849565
0.54024565
0.5223014
0.50593364
0.48192424
0.46704942
0.47097778
0.47339833
0.4669062
0.45032975
0.43649757
0.4394769
0.4501395
0.44561112
0.4661234
0.48422486
0.50552654
0.51666015
0.50250185
0.4944298
0.5254811
0.5283421
0.5309449
0.51098394
0.49840027
0.49791434
0.50025654
0.5060998
0.4860177
0.4644075
0.4482306
0.43378
0.4276615
0.41715583
0.40885764
0.39266127
0.4128804
0.42620254
0.42286628
0.42255417
0.42610517
0.42932963
0.4310174
0.46058792
0.471984
0.49522635
0.498541
0.5017173
0.48803762
0.48905182
0.4984594
0.48945904
0.48699522
0.49966282
0.5137359
0.5445429
0.53513086
0.52783656
0.54053897
0.5515541
0.5485468
0.5665407
0.5704485
0.54986256
0.5442716
0.52797496
0.49187526
0.4936768
0.47755682
0.46735573
0.45539844
0.44899553
0.42896515
0.41848743
0.4151018
0.41263807
0.4135304
0.41400635
0.41864035
0.41887343
0.41920537
0.4228809
0.4266345
0.4300493
0.41327327
0.41363606
0.4217997
0.4136927
0.41664836
0.43669254
0.4351511
0.45295414
0.46953183
0.4862277
0.49181232
0.5161482
0.51430744
0.4945109
0.49290276
0.4833002
0.4747024
0.46355194
0.48747692
0.47664386
0.47112224
0.49553126
0.52622235
0.53137314
0.5328405
0.54072034
0.53412473
0.5546314
0.59473467
0.5835706
0.5607054
0.5435983
0.5750122
0.5746639
0.57662517
0.58149874
0.5781622
0.55762506
0.5763077
0.5868615
0.5925748
0.5883182
0.59594536
0.5955266
0.5728224
0.54929364
0.54181707
0.55258
0.56685793
0.56568575
0.56174994
0.586817
0.56629694
0.5315459
0.5354068
0.53692555
0.5106133
0.48432004
0.5060768
0.53855413
0.579008
0.5972533
0.60625166
0.604866
0.586053
0.5538697
0.5262866
0.5237446
0.5226408
0.5055697
0.50092053
0.5125171
0.4980761
0.49123955
0.49847633
0.49831805
0.48317432
0.50037444
0.5115561
0.49919474
0.48184985
0.49694368
0.49136195
0.5315478
0.55525804
0.55769485
0.6059085
0.60593164
0.58700997
0.5545819
0.5695723
0.58071524
0.55769336
0.5391811
0.5123582
0.5161002
0.5159609
0.5248561
0.52321947
0.5226115
0.5297042
0.5228012
0.5087033
0.49747917
0.47574306
0.47461474
0.4677955
0.45615435
0.44164506
0.42962205
0.4270932
0.42075816
0.4195544
0.42072913
0.43167877
0.4388931
0.4469847
0.47867614
0.48183185
0.4734621
0.46153992
0.4556568
0.47518706
0.47329223
0.5069469
0.5208787
0.52389383
0.51244557
0.49521017
0.5075906
0.5096308
0.5114169
0.49357015
0.4732174
0.47477853
0.46871233
0.4643811
0.4673163
0.4731645
0.4639935
0.46432525
0.44756305
0.46743238
0.5040051
0.51486045
0.5253351
0.52418303
0.50886
0.53397816
0.56262255
0.55233115
0.5391822
0.53286225
0.54515445
0.54592097
0.52096236
0.5213304
0.5255814
0.53532743
0.53518677
0.53377545
0.5333386
0.5336696
0.53875154
0.55175084
0.56278044
0.5510804
0.58413213
0.5921041
0.5930785
0.57126224
0.5834844
0.5833752
0.5567654
0.5518654
0.5455767
0.5302692
0.5472317
0.5502107
0.566416
0.5817141
0.56401694
0.5589732
0.5552273
0.5416318
0.5283066
0.49250972
0.4749996
0.46775156
0.4697264
0.4621206
0.44396457
0.43355536
0.4287647
0.42783564
0.4327426
0.4307238
0.43220562
0.4272216
0.42881095
0.42279628
0.42412305
0.4383612
0.46608195
0.49468598
0.4914855
0.5243969
0.54857457
0.5433917
0.5236094
0.51991034
0.5087136
0.5079571
0.52451295
0.49129423
0.47453797
0.4880431
0.4702956
0.45222074
0.4578861
0.4653344
0.47977227
0.47926903
0.47140443
0.46450394
0.46234336
0.46132007
0.46890175
0.476729
0.4823338
0.4849339
0.49446717
0.4895973
0.5027542
0.49141118
0.47600228
0.47694913
0.5114394
0.494946
0.5014093
0.5411536
0.5879119
0.59540546
0.57667434
0.53906965
0.5294168
0.494053
0.4734429
0.476904
0.4640934
0.433317
0.42736942
0.41925612
0.42306712
0.41485247
0.4087483
0.4153142
0.42418393
0.42304775
0.4289611
0.42093676
0.41966128
0.43186763
0.4470056
0.43056312
0.42434645
0.42930457
0.4672421
0.46387026
0.476488
0.46907163
0.48720014
0.5117708
0.5017073
0.5014117
0.48867315
0.49461532
0.4837132
0.47368532
0.46606934
0.46825302
0.46348324
0.45347893
0.45386836
0.45549208
0.46690983
0.46626166
0.4577173
0.47395387
0.51168644
0.5079153
0.5235826
0.5347643
0.5296562
0.5283792
0.538829
0.5293056
0.53035426
0.5252355
0.546053
0.5356232
0.54154205
0.54699606
0.5537646
0.5817124
0.604189
0.62658167
0.63861054
0.6243837
0.59240353
0.55518925
0.5413055
0.5227885
0.49804413
0.51290154
0.5073643
0.5113463
0.5160439
0.5173534
0.4980747362291196
