0.5641481381283616
0.5402362359975605
0.527291860587747
0.5221264908041287
0.5330132011536679
0.5255282295597629
0.5040580135450531
0.5062824698400179
0.5211521090207119
0.5054708671310073
0.5046403499520833
0.4790106700536941
0.4811245053579535
0.5060893129805994
0.5014982552834419
0.4914093916647943
0.4900951225886917
0.4948323375533617
0.4647795375240156
0.4723384475003095
0.4936017506774819
0.5065707722147583
0.4936172261528656
0.4786088808594735
0.4611307643279976
0.4589309541604956
0.4429121176411249
0.4538630225552188
0.4616855887787901
0.4646803798484091
0.4527671296317525
0.4444843113069555
0.4730514656994685
0.4767810552669348
0.4672097603250079
0.44306916505798144
0.4153176255347637
0.4442034600870295
0.43755301783233297
0.4494628290544599
0.48020572065276707
0.4910964431625911
0.5119631156373374
0.5184421813313036
0.5003324361378716
0.5066286619560084
0.5138350749930074
0.5235553930312214
0.528369412207055
0.5381785709372865
0.5248839912511979
0.5047624342578879
0.5203840669090776
0.5394068651501465
0.5400155671819045
0.5455735555076644
0.5463960483660191
0.556949176246177
0.5657850995245016
0.5916652528578045
0.5889031670846956
0.6000483751897179
0.5973877397552353
0.6119942958544067
0.6084309243558763
0.596525698459789
0.5816061938584143
0.5590538408983571
0.5560269525464608
0.5539417755299489
0.530603612319854
0.5058428517059705
0.5113091335109383
0.5089860927061218
0.4895024691980723
0.4775915116444355
0.4506813794494857
0.4528066780688441
0.4443272638900989
0.4239787332578283
0.4085221723440645
0.3910406168180589
0.3761566484934912
0.3807196210686561
0.3991021931614448
0.4205179584294341
0.4214745720744473
0.45460871120241
0.4803879873628414
0.4873565366115358
0.5039622948639763
0.490957163884138
0.4902584748288527
0.4807565329432749
0.4608699739094949
0.4391653331010101
0.4278963211929184
0.44086362323293
0.4448654665339979
0.4334743703201016
0.4459321280039617
0.4506395383493743
0.4673989050241417
0.4697190800001834
0.4542183853232884
0.468319409226593
0.4717285991370416
0.4812483091610229
0.5109193807975716
0.5032527156593469
0.5081034174434973
0.4997976724885023
0.5348628070448949
0.5486342606391027
0.5879998578548927
0.6080658177699725
0.6346251725228922
0.6350470225185362
0.6478320578484733
0.6569860881207958
0.6519021078743804
0.6561177420020451
0.6528570020221287
0.6663596408772645
0.6348395365152439
0.6121031973478475
0.6318934645347958
0.6377248529256673
0.6380911058430809
0.6211873013980659
0.6309563385254509
0.6334908774938441
0.6278016342102005
0.6102965788882418
0.5854555750686652
0.5872335352405232
0.5570615167341474
0.5334367706465768
0.5203525427925553
0.5046627034165264
0.4905760086570956
0.4755928826569213
0.4666560822057253
0.4280006373603195
0.4124162604832017
0.3809093389335448
0.3561909925855278
0.3611546080234035
0.3700713476731763
0.35570494802532937
0.34937203959887564
0.3632151389124524
0.3762580988321175
0.38077636447839625
0.4081880167089281
0.4135173118984625
0.40781373947094507
0.4240028062195362
0.4207323224217858
0.4042893432437513
0.4058088056601265
0.42919511479363737
0.4515846886792885
0.4408235016300834
0.4441083145717076
0.4510212667421717
0.44405730281951705
0.4412992292066927
0.4515835423477786
0.466354597018621
0.4551600966586729
0.4416757991076956
0.4358507155401285
0.452608935883386
0.4584105196550001
0.4606384149444946
0.4770401261881726
0.4824009454942294
0.4932188759531746
0.4778523020629382
0.4905966426242738
0.5132596165750366
0.488874852696401
0.4736120218078106
0.4806602410964432
0.465301691526776
0.4438114147106429
0.4527917757592154
0.4792548386653033
0.5084731093554407
0.4989746064643926
0.5193787341748934
0.5298418750315241
0.5471377248529257
0.5648657416535603
0.5815580479349984
0.600293116967082
0.6302232595248685
0.6306233292218243
0.65541561395223
0.6591979347691517
0.6524529201648883
0.6146016268736788
0.6210268149866796
0.6382040194968063
0.6170266911828766
0.5800334270268287
0.5536414366743547
0.5786687193642904
0.5875739956989642
0.5890659461591017
0.5925072333518274
0.5742163677798311
0.5819890685827216
0.5872856933242239
0.5992212970053236
0.5824200892304447
0.5838690522589609
0.5456182624365505
0.5222571725962575
0.5032916909306836
0.4682563609935485
0.4514826651749073
0.4618718676491492
0.45021826151948535
0.4375776639597959
0.4343387042785677
0.4270686698427691
0.429901828169492
0.4304440429736757
0.4177587384851
0.41230277366372137
0.4278854310435744
0.4151485416370531
0.4245232407250318
0.4260851174072732
0.4222540775011807
0.4364548322458469
0.4195544667953615
0.3923703613695452
0.3761784287921793
0.38428929739049095
0.3780968145740003
0.3799727860899549
0.3829228702306878
0.3725726430277825
0.4062381068105848
0.42221109006955937
0.4663614750076805
0.476252023275115
0.4602647108722666
0.4679445588228551
0.4989516798341946 
0.5191253949112051
0.5094721372663203
0.4922169822135203
0.5152851843530334
0.5681637374075483
0.5601675019602268
0.5213699120075933
0.514248900668082
0.5135163948332546
0.5040849523355359
0.4994744070027099
0.50146214584088
0.511254109598463
0.557158954912489
0.5563616813473522
0.5617356834657729
0.5616382452874311
0.5508862288903053
0.5614852100308593
0.5879419681136427
0.5983856213346049
0.6121186728232311
0.6283742267993966
0.6275689289136903
0.6272840655334797
0.605159294226616
0.5918125564568268
0.5980961726283547
0.5638202873165297
0.5652371530627686
0.5556819067619803
0.5611327130915643
0.5802145474053932
0.5862396658214383
0.6052366716035343
0.6030746903758591
0.6056166804990668
0.5974570928115843
0.5916858868249827
0.6019919802647566
0.5940427444093412
0.6051340749333981
0.6076382361167789
0.5915781316630518
0.5819071058797636
0.5795789065831526
0.573420813711959
0.5946256539821264
0.5852606987119819
0.5648284858794884
0.5515476621715187
0.5570924676849147
0.5392922319991563
0.5278151609220173
0.5212764859895362
0.5217636768812446
0.4924158707304882
0.5079142727443635
0.4905605331817119
0.4685842118053804
0.4960778267388702
0.4797632366899448
0.4882042487631083
0.44923986757578405
0.4545210168419026
0.4447777721734904
0.4138417237157648
0.3986751846740062
0.4033974973290476
0.4228266700903768
0.40906667981126793
0.3952917872225304
0.3770255677779968
0.35675212185962485
0.3580039158684378
0.35132080316570913
0.3428803642583006
0.35632912553247104
0.3837012293259112
0.39294524662176106
0.4118104242802184
0.4479920857272556
0.4395080862224709
0.4481210480221196
0.44473134574733936
0.4561023811598124
0.4508086222470849
0.4358461302140889
0.4435792825798878
0.4412831805655541
0.4468107911063016
0.4441427045170047
0.4533746853320005
0.4535730006832136
0.452129196146492
0.4570704581199246
0.4693081201538835
0.4768802129425413
0.4698165181785251
0.4520265994763558
0.4026185650680692
0.37715051791257614
0.3762248552183303
0.3724047054615818
0.36762221040227067
0.3605631009642941
0.3685885678651181
0.3789279049186792
0.39046859739461776
0.4095894069797833
0.4391234920008987
0.44265591254866177
0.4209438205853627
0.3960644146602044
0.40719472045559796
0.4037299334669192
0.4077380815912916
0.4433442846203579
0.4663150485815294
0.4640808484687304
0.4759774768784935
0.4699047857047876
0.4811136152086094
0.4829563431107769
0.4909342372539399
0.4905886183037045
0.4960422904620633
0.5136224304979206
0.4962962028915066
0.5029907789093343
0.538219265705888
0.5701755492074264
0.5571073699945435
0.5528905895353688
0.5369061429612952
0.5304666257044207
0.5362876971117031
0.5220193088079528
0.5149475897233673
0.480041795246851
0.473315121946746
0.4645542833823199
0.4542086415054543
0.4480889507398424
0.4425825473320281
0.437459018648521
0.4564382562922137
0.4757516495710428
0.4895024691980723
0.5169783159931587
0.5182197930183826
0.5312507164571937
0.5357844575788562
0.5398143860019167
0.5478089019519733
0.5280845488268443
0.5464143896701775
0.546840824991861
0.5387437123716682
0.5307148064763145
0.5317212855420085
0.5324801570015636
0.5348519168955509
0.5547808901951973
0.5486004438595606
0.5618084755166516
0.575034275312146
0.5545699651973753
0.5328813730300292
0.5399674212584886
0.5449287440333445
0.5420119035063988
0.5210953656109718
0.4908419575673928
0.46835494550340007
0.4603140031271923
0.4481359503317484
0.4603438077464498
0.4617297225419214
0.4326106095273904
0.40933492138458505
0.41401539293951495
0.4159521200254944
0.3977437903222109
0.4000421849995644
0.4082533576049925
0.4004176085690573
0.3906743639006451
0.3991612292342047
0.4015593547529197
0.3959790129627167
0.4071328185540633
0.4079874086946952
0.4416224946924851
0.4590083315374139
0.4863042042854457
0.4875158766914121
0.4832423528224975
0.4878236667018208
0.4860164750764603
0.4786243563348572
0.4703570134854439
0.4650901933631991
0.4698199571730548
0.4661648791537322
0.465184192547011
0.4870699537340602
0.49562502579245893
0.5185711436261675
0.518249024471885
0.4960485952853678
0.467688353730392
0.4742837720726132
0.4854100657077222
0.4884856731487892
0.4949687510030401
0.494688472948869
0.4718741832387992
0.4776385112363414
0.4734475232361397
0.478662185274684
0.492876122831714
0.5090800918899339
0.4633993543860936
0.4798222727627048
0.4905731428283208
0.4876843874233677
0.4945400230183367
0.4758829045289265
0.465710931875811
0.4417227986996015
0.4128874027337714
0.4304876035710519
0.4307357843429457
0.45241004736641793
0.4434497471192689
0.4323595629267219
0.4409152081508755
0.41149346361773054
0.4073752676684075
0.3962885224703903
0.3956866984276917
0.3854533970387965
0.3787353212250157
0.3529302526056115
0.3855651643610119
0.3989508774021376
0.3982533346783623
0.3981994570973969
0.39941571482940297
0.4333207618977747
0.4306137000371411
0.4174463631486517
0.37623230637314464
0.3826431653422717
0.4117783269979412
0.4243736444629895
0.417254925786498
0.440244031051828
0.41627595867704176
0.4116659865099708
0.3949977531902406
0.39084058196958094
0.3935126807191625
0.3793606450636672
0.3929011128586298
0.3774445519448661
0.3891342675170918
0.3911575426320689
0.4139580763640199
0.4435918922264968
0.440429736756432
0.4481760719345949
0.4370486319679761
0.4552139742396383
0.4562978306822506
0.4619630010041864
0.4887086346274652
0.4761832433845208
0.4943692196233613
0.4938911993837322
0.4880867497833433
0.4880684084791849
0.4752558611930101
0.4728428333646664
0.459323572702637
0.4619337695506839
0.4414574229550592
0.4146865700385626
0.4171827069013742
0.4297212809566824
0.3973064648511833
0.3928558327639887
0.3663365996139155
0.3379557240917616
0.3491141150091477
0.3648136982030107
0.3620086249982805
0.3717793816229303
0.3713472146436973
0.3871471018446767
0.4050447757087768
0.4021571666353336
0.4178395548565481
0.43095817265586667
0.4519429172761329
0.4396049512350576
0.4510969246218252
0.4610946548854356
0.44469982163081706
0.4423039887751217
0.4618913552848175
0.4854765529352965
0.4986822919293677
0.5057643279975422
0.5188628849954376
0.5281132071145919
0.5539962262766693
0.5494722289728411
0.5302849321601012
0.5233043464305529
0.4853269566732543
0.4780735440443493
0.4800446610756258
0.4805433152824332
0.4933363749329396
0.4907496778808457
0.4995804426673758
0.5126205367582661
0.5396057536671145
0.5610771160133341
0.5961107264532044
0.6009321967838523
0.5763118617799319
0.5660579264238583
0.5796385158216675
0.6340875430447481
0.6271705787139994
0.625560556108342
0.6186602135844871
0.6188287243164425
0.6335034871404531
0.6318693915730877
0.607124106434588
0.5716027319372544
0.558680136826129
0.5869412207054983
0.6077018575155786
0.6064838802863077
0.5988825560441475
0.5911173063960713
0.5931451668370881
0.6106209907055441
0.578240564545342
0.5455850188227633
0.542513423541981
0.5588606840389385
0.5517969892749224
0.5679253004534888
0.5759404503707236
0.5803968141154676
0.5816646567654193
0.5598058343688528
0.5599886742446821
0.5685746972538482
0.5606627171725045
0.5737664326621944
0.563768129232829
0.5498751644985717
0.5536821314429563
0.5472930527725174
0.5460876851898554
0.5310329134703123
0.5366659865099708
0.5461639162352638
0.5483751897178649
0.5316232741979119
0.5178501011064391
0.5222250753139802
0.5210409148642514
0.5092789804069018
0.5358990907298463
0.5252743171303196
0.5005089711903965
0.4782982250202901
0.4480241830095329
0.4598634948438009
0.4455521191084292
0.4603363565916354
0.4731362942312013
0.4655343968232861
0.4557051772916313
0.4602469427338631
0.4733879139976248
0.4658467721597344
0.468765332183945
0.4697328359783022
0.4671673460591415
0.4820341194110607
0.4826021266742172
0.5142099253967454
0.550210466465218
0.5370689220357013
0.5154044028300632
0.4931340474214419
0.4663609018419255
0.446701316447106
0.4583360081068564
0.462552215400276
0.4513198861005012
0.43373630707011424
0.4207942243233205
0.42719533947461336
0.4417812616066065
0.4372314718438055
0.461756661332404
0.4854140778680068
0.5023671745679477
0.5107319555957026
0.4946340222021487
0.4887699633632449
0.516904950776525
0.5151877461746918
0.5183390114954124
0.4960101931797861
0.4879079220677986
0.4880764327997542
0.4897741497659191
0.4972757431667178
0.4787854159119984
0.4519830388789795
0.4362513584028392
0.4203517403604983
0.4117639978540674
0.3930111606835805
0.3805705979723688
0.3643202024879979
0.3862048173435372
0.41303184050401903
0.4057566475764259
0.4094598715191644
0.4206629693654367
0.4267992819379422
0.42790606501075257
0.4480373658218968
0.4535580983735849
0.4754816885004608
0.4788249643490901
0.4848122538253082
0.4733638410359168
0.4773851719726531
0.4850919587137244
0.4766314590048925
0.47578374685332
0.4872780129031074
0.5017040217894694
0.5392744638607528
0.5250972089120397
0.5178443694488897
0.5336006960524928
0.546723899177851
0.5427381045179217
0.5642341129916042
0.565968512566086
0.5461209288036426
0.5431622471765855
0.5218152617991902
0.4830560739521384
0.4913325874536309
0.4724112395511883
0.4516815536918752
0.4327567667949029
0.42466022734046505
0.3936462283400661
0.37685132538849175
0.3717444185118783
0.3629933237652864
0.3700564453635476
0.3728208237996763
0.3938554338406233
0.3947180483018245
0.3968874806843141
0.4088460109956119
0.4170927198778469
0.4209730520388652
0.3726683617088593
0.3795566677518605
0.405311870950584
0.38286096832915306
0.3961349140480634
0.4250889553251684
0.4156861711151971
0.4313823153145304
0.4482775222732213
0.469759774768785
0.4763465956246819
0.5036229807370453
0.5032068623989508
0.4873508049539863
0.4893626167538643
0.4771845639584202
0.4651761682264418
0.4463493926735661
0.4849400697886623
0.4663454263665418
0.4620512685304489
0.492899622627667
0.5232120667440058
0.5288159083301618
0.5318021019134566
0.5431771494862142
0.5313756665917729
0.5611779931862055
0.5929434124913452
0.5834380316112378
0.5681723348938726
0.5473154062369605
0.5827788909930439
0.5793857497237341
0.5834363121139728
0.5879419681136427
0.5864609078028493
0.5681041281690334
0.584218110203726
0.5889879956164283
0.5941350240958884
0.5936604428507889
0.6010657444047559
0.6015030698757835
0.5841596472967211
0.5630631353542394
0.5548038168253954
0.5691495825060641
0.5813419644453819
0.5791014595092784
0.5750967503794358
0.5990499204445932
0.5785414765666913
0.5379607679504051
0.5475309165608221
0.5485780903951175
0.5162951024132569
0.4875393764873651
0.5144105334109782
0.5546427572482542
0.5975487993323765
0.6127096067165856
0.6196374611966784
0.6147065162068349
0.5930763869464938
0.5614886490253891
0.5232321275454291
0.5209698423106375
0.5174047513148422
0.4993700908353088
0.4974316442520645
0.5148707855122039
0.4970716961579553
0.4929626708607116
0.5032739227922801
0.5005874948988248
0.4818220480817289
0.5030440833245448
0.5144988009372407
0.5003668260831686
0.4832836207568539
0.4999444029217697
0.4935140563169744
0.5443739195825519
0.5708169216872165
0.5704099740012013
0.6099543989325361
0.6021753933063411
0.5829989866429452
0.5559077340694311
0.569407507095792
0.5754698812859088
0.5618904382196096
0.5430917477887265
0.5117527638052703
0.5160675556085416
0.5171388024045449
0.5327569960612051
0.5305205032853861
0.5292091000380582
0.5375744542315681
0.5237502693879048
0.5065650405572089
0.4934406911003407
0.4688788190034252
0.4707232664028576
0.4610172775085172
0.44656089083714295
0.4353314273661429
0.4265837716140806
0.42815481894840135
0.413125266522076
0.4130627914547864
0.4168302099620793
0.4361785663519605
0.4430760430470409
0.4498090211704503
0.4795173485810709
0.478309688335389
0.4674877457161592
0.4536022321367161
0.4472211777868465
0.4657252610196848
0.4582328382709652
0.4943583294740173
0.5033747999651516
0.5064962606666147
0.4948203010725077
0.4799844786713559
0.4948311912218518
0.4961448871321995
0.5018582033775512
0.4878058985634173
0.4676510979563202
0.473982860051264
0.4609037906890369
0.4553538266838463
0.4626731533745707
0.47229775273170793
0.454773782939836
0.4577158427599994
0.4366353794586564
0.4645697588577036
0.5017808260006328
0.5092801267384117
0.5198567544145226
0.5152307336063131
0.5011405998523525
0.5266390247928578
0.5561891584551121
0.5466006685405366
0.5346948694786943
0.5279458427141461
0.5444948575568466
0.5436242187750759
0.5111681347352204
0.5171279122552009
0.5241681072232641
0.5362905629404778
0.5348450389064914
0.5326240216060563
0.5326165704512419
0.5328240564545342
0.5393816458569286
0.5564253027461518
0.568120749975927
0.5555838954178837
0.5904667632642019
0.5943241687950221
0.5953352331867557
0.5764356655830013
0.589880414696887
0.5886383645059081
0.5670305887100102
0.5663777529151209
0.5590532677326021
0.5394595963996021
0.5658573184096255
0.5676455955650727
0.5873000224680975
0.5981145139325131
0.5804472527019033
0.5763984098089294
0.5692825569612128
0.5499078349466039
0.5316473471596198
0.4908608720373062
0.4721819732492079
0.4587349314723023
0.4650752910535704
0.4535804518380279
0.436161371379312
0.4272211319335861
0.421408084846873
0.4203053139343473
0.42929312613773396
0.4276097383154429
0.4319251032844689
0.4216138513529004
0.4268061599270016
0.4146172169822136
0.4154677949625608
0.4387784462164182
0.4644390770655748
0.4940597101156878
0.4849406429544173
0.5147481280406443
0.5363209407254903
0.526777157739801
0.5077870299467644
0.5076827137793632
0.4986307070114221
0.4987189745376845
0.51982981562404
0.4865896408314113
0.472344179157859
0.4925683328213053
0.4625797273565137
0.4351004415668976
0.4450408552550129
0.4533832828183248
0.4803679265614181
0.4775404998922448
0.4640774094742007
0.4543330184742786
0.4556203487598986
0.458165777877636
0.4708980819581176
0.4814351611971369
0.4855854544287371
0.4836624833208765
0.4914328914607473
0.4858244645485517
0.4978678233915823
0.4879532021624398
0.4738086176617589
0.4752260565737527
0.5047693122469473
0.4887951826564628
0.5003450457844805
0.5413367142470665
0.578544342395466
0.580099914254403
0.5669767111290448
0.5294154397098405
0.5179504051135556
0.4783245906450178
0.4567208270094045
0.4626651290540014
0.4392667834396365
0.4003757674689459
0.39364966733459583
0.3794259859597317
0.3938405315309945
0.3759262358600009
0.36758380829668896
0.3874503065290458
0.4088116210503148
0.4066123840485678
0.4207758830191621
0.4022603364712248
0.4006921549656789
0.424169024288472
0.4411989251995763
0.4182900631399396
0.4076177167827518
0.421525583826638
0.4499219348241757
0.4420724298101216
0.4542865920481276
0.4434428691302095
0.465910966724289
0.489365482582639
0.4786931362254513
0.4820341194110607
0.4724089468881685
0.4812293946911095
0.4739272629730337
0.4630067358439522
0.4483789726118476
0.4551251335476209
0.4485646783164517
0.4368726700812061
0.4371133996982856
0.4391429796365671
0.4543788717346746
0.4521951102083114
0.4421681484911985
0.4700268700105921
0.5067186489795357
0.5036436147042236
0.5212369375524446
0.5319975514358949
0.5226085232040424
0.5211813404742144
0.5354216436559721
0.5172803743460178
0.5191660896798067
0.5146145804197407
0.5469629092976656
0.5299880322990366
0.5431410400436523
0.5500488337223218
0.556328437733565
0.5750451654614901
0.5907097855443011
0.6091301865769165
0.6212698372667789
0.6125657421120929
0.5894287600819856
0.5588217087676021
0.5431863201382934
0.5187717516404003
0.4922020799038915
0.5123838193014714
0.5026445867933439
0.5128320349218431
0.5208093558992513
0.5235743075011349
0.5341182647292135
0.5223672204212081
0.5300075199347051
0.5339686684671714
0.5160079463700267
0.5168837436435918
0.5322239519091005
0.4980747362291196
